#!/usr/bin/env python
import numpy as np
#from prody import *
#import cStringIO

#'Shear','Stretch','Stagger','Buckle','Prop-Tw','Opening','Shift','Slide','Rise','Tilt','Roll','Twist'
BDNA_step=np.array([-0.032,-0.096,0.088,0.030,-15.120,-1.880,0.000, 0.436,3.353,-0.000 , 1.702, 35.666])

def get_matr(triangle):
            """
            creates 6x6 diagonal matrix from upper triangle given in array
            aranged by rows e.g. 
            11 12 13 14 15 16 22 23 24 25 26 33 34 35 36 44 45 46 55 56 66
            """
            k=0
            matrix=np.zeros((6,6))
            arr=np.array(triangle)
            for i in range(6):
                matrix[i,i:6]=arr[k:k-i+6]
                k+=6-i
            result = np.triu(matrix,1).transpose() + matrix
            return result					

def get_consts_olson_98():
    #                               Shift   Slide   Rise    Tilt    Roll    Twist
    AVERAGE={	'CG':	np.array([	0.00,	0.41,	3.39,	0.0,	5.4,	36.1]),
                'CC':	np.array([	0.05,	-0.22,	3.42,	-0.1,	3.6,	32.9]),
                'CA':	np.array([	0.09,	0.53,	3.33,	0.5,	4.7,	37.3]),
            	'CT':	np.array([	-0.28,	0.09,	3.37,	-1.5,	1.9,	36.3]),
                'TA':	np.array([	0.00,	0.05,	3.42,	0.0,	3.3,	37.8]),
                'TC':	np.array([	0.09,	-0.25,	3.34,	-1.7,	4.5,	31.9]),
                'TT':	np.array([	-0.03,	-0.08,	3.27,	-1.4,	0.7,	35.1]),
                'TG':	np.array([	0.13,	-0.58,	3.36,	-0.1,	0.7,	31.5]),
                'AG':	np.array([	0.09,	-0.25,	3.34,	-1.7,	4.5,	31.9]),
                'AT':	np.array([	0.00,	-0.59,	3.31,	0.0,	1.1,	29.3]),
                'AC':	np.array([	0.13,	-0.58,	3.36,	-0.1,	0.7,	31.5]),	        
                'AA':	np.array([	-0.03,	-0.08,	3.27,	-1.4,	0.7,	35.1]),
            	'GA':	np.array([	-0.28,	0.09,	3.37,	-1.5,	1.9,	36.3]),
                'GG':	np.array([	0.05,	-0.22,	3.42,	-0.1,	3.6,	32.9]),
                'GT':	np.array([	0.09,	0.53,	3.33,	0.5,	4.7,	37.3]),
                'GC':	np.array([	0.00,	-0.38,	3.40,	0.0,	0.3,	33.6])}
                
                
    #Shift-Shift,Shift-Slide,Shift-Rise,Shift-Tilt,Shift-Roll,Shift-Twist,Slide-Slide,Slide-Rise,Slide-Tilt,Slide-Roll,Slide-Twist,Rise -Rise,Rise-Tilt,Rise-Roll,Rise-Twist,Tilt -Tilt,Tilt -Roll,Tilt-Twist,Roll -Roll,Roll-Twist,Twist-Twist
    FORCE_CONST={'CG': get_matr([   1.586,	0.000,	0.000,	-0.137,  0.000,	 0.000,	 3.301,	 0.191,	 0.000,	 0.005,	 0.056,	14.164,	 0.000,	-0.020,	-0.162,	0.068,	0.000,	0.000,	0.050,	0.024,	0.047]),
                'CA': get_matr([	3.733,	0.871,	1.747,	-0.037,  0.018,	-0.087,	 2.395,	 2.369,	 0.062,	 0.082,	-0.183,	18.235,	 0.189,	 0.004,	-0.321,	0.082, -0.001, -0.016,	0.048,	0.007,	0.043]),
                'GT': get_matr([	3.733,	0.871,	1.747,	-0.037,  0.018,	-0.087,	 2.395,	 2.369,	 0.062,	 0.082,	-0.183,	18.235,	 0.189,	 0.004,	-0.321,	0.082, -0.001, -0.016,	0.048,	0.007,	0.043]),
                'TA': get_matr([	 3.86,	0.000,  0.000, 	-0.176,  0.000,  0.000,	 2.350,	 0.234,	 0.000,  0.061,	-0.067,	21.914,	 0.000, -0.102,	-0.500,	0.148,	0.000,  0.000, 	0.029,	0.013,	0.052]),
                'AG': get_matr([	3.205,	1.380,	2.580,	-0.282,  0.003,	 0.164,	 7.187,	 4.501,	-0.124,	 0.100,  0.102,	29.496,	-1.044,	-0.018,	-0.147,	0.149,	0.026,	0.005,	0.096,	0.015,	0.064]),
                'TC': get_matr([	3.205,	1.380,	2.580,	-0.282,  0.003,	 0.164,	 7.187,	 4.501,	-0.124,	 0.100,  0.102,	29.496,	-1.044,	-0.018,	-0.147,	0.149,	0.026,	0.005,	0.096,	0.015,	0.064]),
                'GG': get_matr([	2.425,	0.309,	1.563,	-0.227,  0.119,	 0.040,	 3.542,	 5.423,	-0.160,	 0.143,	-0.061,	30.312,	-0.851,	 0.427,	-0.196,	0.119, -0.003, -0.008,	0.064, -0.001,	0.041]),
                'CC': get_matr([	2.425,	0.309,	1.563,	-0.227,  0.119,	 0.040,	 3.542,	 5.423,	-0.160,	 0.143,	-0.061,	30.312,	-0.851,	 0.427,	-0.196,	0.119, -0.003, -0.008,	0.064, -0.001,	0.041]),
                'AA': get_matr([	3.978,	1.559,	1.868,	-0.149,  0.017,	 0.175,	 6.160,	 1.330,	-0.098,	-0.137,	 0.022,	21.748,	-0.288,	 0.087,	 0.072,	0.100, -0.001,	0.001,	0.049,	0.031,	0.092]),
                'TT': get_matr([	3.978,	1.559,	1.868,	-0.149,  0.017,	 0.175,	 6.160,	 1.330,	-0.098,	-0.137,	 0.022,	21.748,	-0.288,  0.087,	 0.072,	0.100, -0.001,	0.001,	0.049,	0.031,	0.092]),
                'GA': get_matr([	6.542,	1.750,	0.148,	-0.132,	-0.009,	 0.087,	 2.780,	-0.270,	 0.068,	-0.050,	-0.069,	22.820,	-0.502,	 0.362,	-0.408,	0.087, -0.010,	0.000, 	0.046,	0.011,	0.071]),
                'CT': get_matr([	6.542,	1.750,	0.148,	-0.132,	-0.009,	 0.087,	 2.780,	-0.270,	 0.068,	-0.050,	-0.069,	22.820,	-0.502,	 0.362,	-0.408,	0.087, -0.010,	0.000,  0.046,	0.011,	0.071]),
                'AT': get_matr([	3.172,	0.000,  0.000, 	-0.151,  0.000,  0.000,	10.694,	 0.487,	 0.000, -0.060,	-0.090,	25.547,	 0.000,	-0.030,	-0.409,	0.166,	0.000,  0.000,  0.055,	0.029,	0.070]),
                'AC': get_matr([	2.944, -0.102, -0.412,	-0.033,	-0.041,	-0.044,  6.366,	 2.510,	-0.010,	 0.049,	-0.048,	23.860,	 0.396,	 0.245,	-0.276,	0.111,	0.014,	0.004,	0.080,	0.027,	0.073]),
                'TG': get_matr([	2.944, -0.102, -0.412,	-0.033,	-0.041,	-0.044,	 6.366,	 2.510,	-0.010,	 0.049,	-0.048,	23.860,	 0.396,	 0.245,	-0.276,	0.111,	0.014,	0.004,	0.080,	0.027,	0.073]),
                'GC': get_matr([	 3.35,	0.000, 	0.000, 	-0.236,	 0.000,  0.000,  6.244,  6.804,	 0.000,  0.412,	-0.159,	25.860,	 0.000,  0.630,	-0.239,	0.082,	0.000, 	0.000,  0.082,	0.005,	0.055])}

			
								
    #                          Shift   Slide   Rise    Tilt    Roll    Twist								
    DISP={	'CG':	np.array([	0.87,	0.56,	0.27,	4.2,	5.2,	5.5]),
            'CA':	np.array([	0.55,	0.89,	0.26,	3.7,	5.1,	6.5]),
            'CC':	np.array([	0.76,	0.64,	0.24,	3.7,	4.5,	5.2]),
            'CT':	np.array([	0.46,	0.70,	0.26,	3.8,	5.3,	4.4]),
            'TA':	np.array([	0.52,	0.71,	0.24,	2.7,	6.6,	5.5]),
            'TC':	np.array([	0.69,	0.41,	0.23,	3.3,	3.4,	4.5]),
            'TT':	np.array([	0.57,	0.45,	0.22,	3.3,	5.4,	3.9]),
            'TG':	np.array([	0.59,	0.41,	0.23,	3.1,	3.9,	4.2]),
            'AG':	np.array([	0.69,	0.41,	0.23,	3.3,	3.4,	4.5]),	    
            'AA':	np.array([	0.57,	0.45,	0.22,	3.3,	5.4,	3.9]),	    
            'AT':	np.array([	0.57,	0.31,	0.21,	2.5,	4.9,	4.5]),
            'AC':	np.array([	0.59,	0.41,	0.23,	3.1,	3.9,	4.2]),
            'GG':	np.array([	0.76,	0.64,	0.24,	3.7,	4.5,	5.2]),
            'GT':	np.array([	0.55,	0.89,	0.26,	3.7,	5.1,	6.5]),
            'GA':	np.array([	0.46,	0.70,	0.26,	3.8,	5.3,	4.4]),	    
            'GC':	np.array([	0.61,	0.56,	0.24,	3.9,	4.6,	4.7])}
    return AVERAGE,FORCE_CONST,DISP

    
tetra_params = '''AACG 0.302
2.457964   -0.621011   -0.035777   0.041382   0.050239   -0.033215
-0.621011   6.735276   2.221022   -0.008204   0.054497   -0.117313
-0.035777   2.221022   11.895935   -0.028235   0.001599   -0.159471
0.041382   -0.008204   -0.028235   0.04797   0.01038   0.000244
0.050239   0.054497   0.001599   0.01038   0.032012   0.008682
-0.033215   -0.117313   -0.159471   0.000244   0.008682   0.049117
0.707996   -0.472776   3.221086   1.753362   1.339783   30.059658
AACG 0.32
4.340853   0.696237   -0.156948   -0.071071   0.046239   0.046496
0.696237   7.450385   2.235261   0.023601   0.024841   -0.235177
-0.156948   2.235261   11.023911   0.02956   0.019651   -0.191074
-0.071071   0.023601   0.02956   0.049365   0.008966   0.009097
0.046239   0.024841   0.019651   0.008966   0.038814   0.000454
0.046496   -0.235177   -0.191074   0.009097   0.000454   0.050455
0.184151   -1.204027   3.624474   -1.724908   -1.77723   33.519244
AACG 0.199
9.336354   4.395281   -1.009843   -0.055604   -0.015171   0.285389
4.395281   20.319878   -1.607779   0.199427   0.188954   -0.080348
-1.009843   -1.607779   15.143587   -0.163024   -0.040908   -0.190143
-0.055604   0.199427   -0.163024   0.078376   -0.002141   -0.009396
-0.015171   0.188954   -0.040908   -0.002141   0.068261   0.006403
0.285389   -0.080348   -0.190143   -0.009396   0.006403   0.074153
0.487211   -0.841546   3.418914   0.41375   -1.316446   32.790044
AACG 0.179
2.558076   -0.17105   0.256938   -0.070294   0.036283   -0.081352
-0.17105   6.473391   2.181417   0.031058   0.041011   -0.201661
0.256938   2.181417   10.980707   0.037037   0.092576   -0.181142
-0.070294   0.031058   0.037037   0.051339   0.006043   0.001156
0.036283   0.041011   0.092576   0.006043   0.02271   0.006693
-0.081352   -0.201661   -0.181142   0.001156   0.006693   0.0671
-0.325028   -0.515455   3.480864   -1.727938   -3.648476   36.924388
ACGT 0.11
2.168865   0.140922   0.020099   -0.055903   -0.005625   -0.00478
0.140922   3.482701   2.301787   0.023467   -0.080058   -0.041421
0.020099   2.301787   5.610144   0.003254   -0.07206   -0.172392
-0.055903   0.023467   0.003254   0.035472   0.000151   0.001104
-0.005625   -0.080058   -0.07206   0.000151   0.020427   0.003871
-0.00478   -0.041421   -0.172392   0.001104   0.003871   0.023778
-0.062066   -0.773375   3.556742   -0.363153   10.839588   35.27066
ACGT 0.296
4.78069   -0.466793   -0.970836   -0.016947   -0.003669   0.165603
-0.466793   3.792825   1.356854   0.026722   -0.03249   -0.087751
-0.970836   1.356854   8.105979   -0.03948   -0.027045   -0.159809
-0.016947   0.026722   -0.03948   0.043801   -0.002025   -0.002537
-0.003669   -0.03249   -0.027045   -0.002025   0.029968   0.000698
0.165603   -0.087751   -0.159809   -0.002537   0.000698   0.046841
1.141159   0.091255   3.358793   5.057783   1.484379   38.367152
ACGT 0.284
5.612035   0.433061   0.143521   -0.059372   0.001181   0.037157
0.433061   4.717542   1.140631   0.024655   0.073226   -0.025163
0.143521   1.140631   8.538116   0.019929   -0.097619   -0.282613
-0.059372   0.024655   0.019929   0.042836   -0.000943   0.002891
0.001181   0.073226   -0.097619   -0.000943   0.018251   0.005891
0.037157   -0.025163   -0.282613   0.002891   0.005891   0.083426
0.11975   0.325849   3.529957   0.180318   4.984963   45.527864
ACGT 0.165
4.057808   0.3998   0.828314   -0.064467   -0.017076   -0.242716
0.3998   3.864305   1.657264   -0.009465   0.005625   -0.038987
0.828314   1.657264   7.715764   0.022237   -0.090716   -0.235717
-0.064467   -0.009465   0.022237   0.040736   0.002924   0.000644
-0.017076   0.005625   -0.090716   0.002924   0.015613   0.001102
-0.242716   -0.038987   -0.235717   0.000644   0.001102   0.052612
-0.952005   0.022005   3.540783   -5.857049   7.219852   41.200607
ACGT 0.145
3.88655   -0.090064   -0.932753   -0.11543   -0.039701   0.198432
-0.090064   4.706867   1.829358   0.005669   -0.1045   0.049358
-0.932753   1.829358   7.808145   -0.038217   -0.077144   -0.187337
-0.11543   0.005669   -0.038217   0.042144   -0.003523   -0.003471
-0.039701   -0.1045   -0.077144   -0.003523   0.041278   0.000216
0.198432   0.049358   -0.187337   -0.003471   0.000216   0.054759
0.988348   -0.14737   3.59808   5.519217   10.922784   40.141931
CGTG 0.197
2.507215   0.198467   -0.544912   -0.069823   -0.034342   0.021288
0.198467   4.85827   2.087789   -0.01274   0.053045   -0.115101
-0.544912   2.087789   11.368391   -0.062798   0.129587   -0.201456
-0.069823   -0.01274   -0.062798   0.043052   -0.003719   -0.007292
-0.034342   0.053045   0.129587   -0.003719   0.026607   0.007859
0.021288   -0.115101   -0.201456   -0.007292   0.007859   0.047578
0.568813   -0.302779   3.332745   1.529763   -3.532642   34.654094
CGTG 0.314
5.346061   -1.092607   0.71894   0.041135   -0.01759   0.032254
-1.092607   7.514146   2.412439   -0.010404   0.093225   -0.197326
0.71894   2.412439   12.904225   -0.012884   0.121145   -0.196009
0.041135   -0.010404   -0.012884   0.048279   -0.00706   -0.000184
-0.01759   0.093225   0.121145   -0.00706   0.032482   0.008579
0.032254   -0.197326   -0.196009   -0.000184   0.008579   0.054505
-1.118352   -0.254681   3.093235   -1.383933   0.010405   29.416946
CGTG 0.134
3.516237   0.539655   -0.131355   -0.022463   0.010053   -0.064172
0.539655   6.413575   2.763408   0.049678   0.079209   -0.179646
-0.131355   2.763408   11.818517   -0.046667   0.045225   -0.158926
-0.022463   0.049678   -0.046667   0.048578   -0.008451   -0.007671
0.010053   0.079209   0.045225   -0.008451   0.035841   0.007706
-0.064172   -0.179646   -0.158926   -0.007671   0.007706   0.04468
-0.383323   -1.106491   3.481333   0.56836   -2.527503   31.023923
CGTG 0.217
7.49838   -1.158633   0.520775   0.10025   -0.039719   0.064675
-1.158633   11.712016   2.073812   -0.045313   0.014678   -0.062803
0.520775   2.073812   14.386322   0.023582   -0.049295   -0.13656
0.10025   -0.045313   0.023582   0.051197   -0.01093   -0.000482
-0.039719   0.014678   -0.049295   -0.01093   0.059189   -0.008804
0.064675   -0.062803   -0.13656   -0.000482   -0.008804   0.061992
-0.496444   -0.617567   3.181709   -0.562598   1.791203   27.745936
CGTG 0.138
3.175333   1.05653   -0.831678   0.036682   0.056895   -0.017462
1.05653   7.284312   2.633325   0.014002   0.010214   -0.075378
-0.831678   2.633325   12.504514   -0.036842   -0.144405   -0.116364
0.036682   0.014002   -0.036842   0.042325   -0.006582   0.000793
0.056895   0.010214   -0.144405   -0.006582   0.049835   -0.000959
-0.017462   -0.075378   -0.116364   0.000793   -0.000959   0.041434
0.04302   -0.319418   2.996023   -0.281407   6.64939   22.989533
GTGC 0.513
2.914206   -0.287789   -0.12815   -0.066143   -0.006542   0.137667
-0.287789   4.04662   0.447652   0.020538   0.02982   -0.132158
-0.12815   0.447652   9.05016   -0.084463   -0.084891   -0.193509
-0.066143   0.020538   -0.084463   0.036263   -0.00059   -0.003275
-0.006542   0.02982   -0.084891   -0.00059   0.020197   0.003885
0.137667   -0.132158   -0.193509   -0.003275   0.003885   0.063118
1.480988   0.102488   3.282079   5.237202   5.061849   35.61103
GTGC 0.201
2.259282   -0.068759   -0.157783   -0.054932   0.019843   -0.08584
-0.068759   3.09031   0.866755   0.006159   0.00942   -0.128988
-0.157783   0.866755   8.320147   0.026079   -0.056915   -0.218064
-0.054932   0.006159   0.026079   0.033462   0.000316   -0.001031
0.019843   0.00942   -0.056915   0.000316   0.0199   0.001026
-0.08584   -0.128988   -0.218064   -0.001031   0.001026   0.039168
-0.768136   0.220242   3.26991   -1.716957   1.481244   40.198497
GTGC 0.286
2.084389   -0.044811   0.007668   0.025326   -0.043375   -0.0238
-0.044811   3.776762   1.22818   0.027545   -0.046144   -0.02421
0.007668   1.22818   8.459288   -0.016522   -0.17185   -0.250328
0.025326   0.027545   -0.016522   0.033312   -0.001278   -0.002489
-0.043375   -0.046144   -0.17185   -0.001278   0.027183   0.008157
-0.0238   -0.02421   -0.250328   -0.002489   0.008157   0.026108
0.34635   -0.452331   3.135295   -0.186981   11.511958   28.35522
TGCT 0.482
4.740841   -0.017056   0.524533   -0.056592   0.026989   -0.010836
-0.017056   6.989724   2.621083   0.037229   0.065481   -0.069452
0.524533   2.621083   12.062595   0.003174   0.075603   -0.192738
-0.056592   0.037229   0.003174   0.048266   -0.000456   -0.000631
0.026989   0.065481   0.075603   -0.000456   0.027418   0.003435
-0.010836   -0.069452   -0.192738   -0.000631   0.003435   0.052137
-1.088208   -0.158723   3.29534   -4.670611   0.78911   33.55194
TGCT 0.241
4.517061   -1.921502   0.29887   -0.082154   -0.047381   0.080072
-1.921502   5.091091   2.598422   -0.044024   0.038519   -0.233026
0.29887   2.598422   11.477788   -0.002143   0.097334   -0.202268
-0.082154   -0.044024   -0.002143   0.047737   -0.000643   0.000415
-0.047381   0.038519   0.097334   -0.000643   0.033428   0.004909
0.080072   -0.233026   -0.202268   0.000415   0.004909   0.047273
0.223238   -1.018348   3.643729   0.227218   -1.259698   36.801659
TGCT 0.277
4.909806   -1.058711   0.607549   -0.014966   -0.066806   -0.008847
-1.058711   3.99391   2.170292   -0.041765   0.122851   -0.141142
0.607549   2.170292   11.613234   0.001414   0.122402   -0.194623
-0.014966   -0.041765   0.001414   0.048455   -0.002034   -0.001016
-0.066806   0.122851   0.122402   -0.002034   0.024538   0.005551
-0.008847   -0.141142   -0.194623   -0.001016   0.005551   0.037986
-0.363455   -0.343096   3.454495   -1.701927   -0.775173   36.589369
GCTA 0.172
5.218612   1.383148   -0.926593   0.012537   0.047439   0.090113
1.383148   7.887633   0.971704   0.102434   0.100592   -0.089901
-0.926593   0.971704   9.199446   0.154675   -0.07399   -0.215079
0.012537   0.102434   0.154675   0.049242   -0.003176   -0.008211
0.047439   0.100592   -0.07399   -0.003176   0.018809   0.007188
0.090113   -0.089901   -0.215079   -0.008211   0.007188   0.051502
0.820514   -0.558729   3.455055   4.462743   1.880095   37.804406
GCTA 0.28
3.691621   0.348861   0.04724   -0.015004   -0.035148   -0.017471
0.348861   5.285134   1.778884   0.024442   -0.078081   -0.190872
0.04724   1.778884   8.163596   0.177632   -0.078531   -0.213455
-0.015004   0.024442   0.177632   0.04725   -0.006229   -0.00768
-0.035148   -0.078081   -0.078531   -0.006229   0.032209   0.006378
-0.017471   -0.190872   -0.213455   -0.00768   0.006378   0.040468
0.041012   -1.086875   3.45226   2.275923   2.146483   33.287188
GCTA 0.13
2.601095   -0.875565   0.588683   0.013974   -0.117852   -0.007336
-0.875565   5.530851   0.685661   0.053508   -0.028249   -0.083894
0.588683   0.685661   11.402499   0.231648   -0.198718   -0.197425
0.013974   0.053508   0.231648   0.05001   -0.007593   -0.008974
-0.117852   -0.028249   -0.198718   -0.007593   0.031226   0.004585
-0.007336   -0.083894   -0.197425   -0.008974   0.004585   0.032591
0.032925   -0.169576   3.179277   2.897026   7.864407   30.257998
GCTA 0.127
5.645157   -1.810717   0.0873   -0.017276   0.281535   -0.011335
-1.810717   11.883038   0.054495   0.060767   -0.397402   0.000555
0.0873   0.054495   11.143175   0.19332   0.118015   -0.265982
-0.017276   0.060767   0.19332   0.049887   0.001145   -0.012377
0.281535   -0.397402   0.118015   0.001145   0.090242   -0.003628
-0.011335   0.000555   -0.265982   -0.012377   -0.003628   0.062981
1.463188   -0.091185   3.370002   6.093227   1.81847   39.352677
GCTA 0.123
5.36834   -2.309508   0.314524   0.001147   0.052644   0.057678
-2.309508   9.44756   -0.304902   -0.012954   -0.193059   -0.078313
0.314524   -0.304902   13.557119   0.325072   0.085236   -0.222862
0.001147   -0.012954   0.325072   0.056564   0.001327   -0.010121
0.052644   -0.193059   0.085236   0.001327   0.047899   0.002658
0.057678   -0.078313   -0.222862   -0.010121   0.002658   0.064096
1.020633   0.265285   3.1873   5.156404   -0.430626   37.34031
GCTA 0.168
3.772469   0.053129   -0.452873   -0.038814   -0.035114   0.002869
0.053129   5.172409   2.066974   0.080687   -0.141014   0.06099
-0.452873   2.066974   9.960962   0.161808   -0.105954   -0.267331
-0.038814   0.080687   0.161808   0.048547   -0.005734   -0.013513
-0.035114   -0.141014   -0.105954   -0.005734   0.049564   0.003153
0.002869   0.06099   -0.267331   -0.013513   0.003153   0.062113
1.528045   -0.017291   3.363209   6.683419   9.44451   37.430225
CTAT 0.142
2.299669   0.058844   0.002945   -0.02789   0.004194   0.022135
0.058844   2.594021   1.183878   0.021616   0.013789   -0.154469
0.002945   1.183878   8.509699   0.021909   -0.048347   -0.242244
-0.02789   0.021616   0.021909   0.029736   0.001287   -0.001504
0.004194   0.013789   -0.048347   0.001287   0.015456   0.00577
0.022135   -0.154469   -0.242244   -0.001504   0.00577   0.051016
0.045536   0.551857   3.392701   -0.706453   -2.253992   44.286731
CTAT 0.258
2.861416   -0.709719   0.325677   -0.035334   -0.004932   0.106596
-0.709719   3.651843   1.178811   -0.015022   -0.01176   -0.089357
0.325677   1.178811   8.175124   -0.015932   -0.08076   -0.206063
-0.035334   -0.015022   -0.015932   0.030012   -0.000418   -0.000331
-0.004932   -0.01176   -0.08076   -0.000418   0.019431   0.003515
0.106596   -0.089357   -0.206063   -0.000331   0.003515   0.04489
1.392782   0.189376   3.349573   2.340757   1.569802   38.904204
CTAT 0.206
2.1019   -0.07148   -0.092067   0.039405   0.021908   -0.030674
-0.07148   3.375141   0.966651   0.019175   -0.059429   -0.024679
-0.092067   0.966651   7.07841   0.013677   -0.119065   -0.198434
0.039405   0.019175   0.013677   0.027063   -0.000375   -0.001929
0.021908   -0.059429   -0.119065   -0.000375   0.020819   0.009411
-0.030674   -0.024679   -0.198434   -0.001929   0.009411   0.027496
-0.111605   -0.684775   3.259922   -0.942541   13.421401   28.471189
CTAT 0.102
5.818797   -0.875949   -0.260042   0.076279   0.174253   -0.137998
-0.875949   3.826087   0.720637   -0.015022   -0.14974   0.004568
-0.260042   0.720637   8.20244   0.073468   -0.143434   -0.21414
0.076279   -0.015022   0.073468   0.029888   0.005169   0.001578
0.174253   -0.14974   -0.143434   0.005169   0.037107   0.002566
-0.137998   0.004568   -0.21414   0.001578   0.002566   0.038907
-1.178787   -0.104093   3.148602   -1.203665   10.293206   30.87014
CTAT 0.291
2.952296   -0.230657   -0.378943   -0.039789   0.021072   -0.101169
-0.230657   4.523501   0.597665   0.036578   -0.026484   -0.118883
-0.378943   0.597665   9.01343   0.081121   -0.09704   -0.225722
-0.039789   0.036578   0.081121   0.031812   0.001795   0.001849
0.021072   -0.026484   -0.09704   0.001795   0.02398   0.010192
-0.101169   -0.118883   -0.225722   0.001849   0.010192   0.057325
-1.732151   0.433656   3.171555   -4.72188   3.648707   36.879701
TATG 0.24
4.669987   -0.147192   -0.535035   0.004794   0.020838   -0.035262
-0.147192   6.366969   2.220059   0.001325   0.002388   -0.080749
-0.535035   2.220059   11.44003   0.000606   0.035097   -0.172883
0.004794   0.001325   0.000606   0.043515   0.002298   -0.001834
0.020838   0.002388   0.035097   0.002298   0.027364   0.014118
-0.035262   -0.080749   -0.172883   -0.001834   0.014118   0.035083
0.92076   -0.526081   3.107836   -0.780361   1.676643   28.109904
TATG 0.131
5.379875   -0.241398   -0.047961   0.040648   0.071567   -0.041977
-0.241398   12.515614   2.110307   -0.03078   -0.193758   0.322769
-0.047961   2.110307   12.370885   0.015023   -0.083936   -0.209746
0.040648   -0.03078   0.015023   0.041688   -0.000339   -0.001682
0.071567   -0.193758   -0.083936   -0.000339   0.04499   0.001414
-0.041977   0.322769   -0.209746   -0.001682   0.001414   0.060452
-0.064331   -0.445122   2.993264   0.246929   5.123912   24.81992
TATG 0.233
4.467235   0.011974   0.629238   -0.001591   -0.040258   0.053029
0.011974   6.16488   2.470617   0.019342   0.022189   -0.097808
0.629238   2.470617   11.605332   0.007674   0.04696   -0.15921
-0.001591   0.019342   0.007674   0.043529   -0.003344   0.002473
-0.040258   0.022189   0.04696   -0.003344   0.029076   0.013437
0.053029   -0.097808   -0.15921   0.002473   0.013437   0.036555
-0.969364   -0.526621   3.106344   0.695842   1.101877   28.524799
TATG 0.396
3.545553   0.046189   -0.121867   -0.007272   -0.008707   0.010233
0.046189   4.852018   3.413862   0.009997   -0.015635   -0.167637
-0.121867   3.413862   12.108076   0.006413   0.052806   -0.138404
-0.007272   0.009997   0.006413   0.046225   -0.000172   -4.2e-05
-0.008707   -0.015635   0.052806   -0.000172   0.041315   0.004089
0.010233   -0.167637   -0.138404   -4.2e-05   0.004089   0.050131
0.034497   -0.88367   3.270586   -0.093565   -2.768419   30.287119
ATGG 0.253
2.840292   0.444503   0.186275   -0.011383   -0.024287   -0.078749
0.444503   3.497561   1.365216   0.018973   -0.024783   -0.121559
0.186275   1.365216   8.180808   0.030413   -0.082536   -0.218072
-0.011383   0.018973   0.030413   0.031094   0.000633   0.000217
-0.024287   -0.024783   -0.082536   0.000633   0.019755   0.002228
-0.078749   -0.121559   -0.218072   0.000217   0.002228   0.041824
-1.122735   0.108907   3.253168   -2.789608   2.931272   40.064807
ATGG 0.404
2.704923   0.001752   -0.277156   -0.051193   0.016939   0.119675
0.001752   3.394404   0.56617   -0.005727   -0.005222   -0.106003
-0.277156   0.56617   8.33453   -0.074014   -0.065958   -0.192387
-0.051193   -0.005727   -0.074014   0.033142   -0.001451   -0.003179
0.016939   -0.005222   -0.065958   -0.001451   0.018802   0.004785
0.119675   -0.106003   -0.192387   -0.003179   0.004785   0.057559
1.452302   0.152552   3.220202   5.191056   5.095212   35.258897
ATGG 0.213
1.784406   -0.056344   0.02372   0.0201   -0.031702   -0.001015
-0.056344   3.187547   1.23967   0.007144   -0.056871   -0.028803
0.02372   1.23967   7.553057   -0.027064   -0.132995   -0.217654
0.0201   0.007144   -0.027064   0.029427   -0.000799   -0.002115
-0.031702   -0.056871   -0.132995   -0.000799   0.024146   0.006208
-0.001015   -0.028803   -0.217654   -0.002115   0.006208   0.023746
0.2846   -0.414789   3.135888   0.051433   11.881556   29.930526
ATGG 0.129
3.648423   -0.091857   -0.107994   -0.022994   -0.032713   0.064447
-0.091857   2.637633   0.895571   -0.004129   -0.004218   -0.13656
-0.107994   0.895571   8.945789   -0.015252   -0.053586   -0.266322
-0.022994   -0.004129   -0.015252   0.032233   -0.000508   0.004642
-0.032713   -0.004218   -0.053586   -0.000508   0.019133   0.000238
0.064447   -0.13656   -0.266322   0.004642   0.000238   0.06277
-0.036421   0.575929   3.287303   1.311895   -0.502537   43.876298
TGGA 0.378
2.421456   0.083663   0.167662   -0.042364   -0.005431   0.011795
0.083663   2.171411   1.951901   -0.029404   -0.0742   -0.045368
0.167662   1.951901   9.862951   -0.311394   -0.064146   -0.224041
-0.042364   -0.029404   -0.311394   0.050736   -0.003197   -0.000332
-0.005431   -0.0742   -0.064146   -0.003197   0.023866   0.006107
0.011795   -0.045368   -0.224041   -0.000332   0.006107   0.023542
0.156313   -0.790379   3.366815   0.819389   6.770708   27.277655
TGGA 0.466
3.249047   0.039041   0.310375   -0.085944   0.076769   -0.054332
0.039041   3.699526   1.688478   -0.025715   -0.044185   -0.043949
0.310375   1.688478   12.110245   -0.379495   -0.012528   -0.192436
-0.085944   -0.025715   -0.379495   0.058581   -0.003327   0.002148
0.076769   -0.044185   -0.012528   -0.003327   0.022713   0.005858
-0.054332   -0.043949   -0.192436   0.002148   0.005858   0.043332
-1.126811   0.135489   3.322102   -2.98327   4.742003   36.254642
TGGA 0.157
3.507191   0.374082   0.102291   -0.105664   0.065537   0.127344
0.374082   3.835455   1.664754   -0.032489   0.001926   -0.128756
0.102291   1.664754   11.457457   -0.433376   0.032065   -0.172121
-0.105664   -0.032489   -0.433376   0.060037   -0.006132   -0.002653
0.065537   0.001926   0.032065   -0.006132   0.019928   0.004312
0.127344   -0.128756   -0.172121   -0.002653   0.004312   0.060342
1.25126   -0.007732   3.367815   4.308346   -0.18298   33.242722
GGAA 0.216
2.470453   -0.200154   0.54409   -0.000161   -0.051993   0.042451
-0.200154   2.143763   2.130112   -0.008599   -0.080061   -0.069986
0.54409   2.130112   9.721836   -0.280315   -0.094087   -0.188179
-0.000161   -0.008599   -0.280315   0.045526   -0.001454   0.002789
-0.051993   -0.080061   -0.094087   -0.001454   0.03094   0.008142
0.042451   -0.069986   -0.188179   0.002789   0.008142   0.02853
-0.048491   -0.540202   3.321401   0.724498   6.825791   29.716136
GGAA 0.154
3.758884   0.47864   -0.216608   -0.052389   0.039144   0.06572
0.47864   4.320847   1.569707   -0.085371   -0.03726   -0.058742
-0.216608   1.569707   11.376712   -0.371117   -0.032225   -0.163501
-0.052389   -0.085371   -0.371117   0.052686   -0.004652   0.001993
0.039144   -0.03726   -0.032225   -0.004652   0.020528   0.007741
0.06572   -0.058742   -0.163501   0.001993   0.007741   0.042258
0.979653   -0.097218   3.349363   3.47244   2.161115   36.165554
GGAA 0.238
2.845707   0.216499   1.252606   -0.081674   0.04507   -0.045421
0.216499   3.689943   1.312743   -0.072018   0.012997   -0.174404
1.252606   1.312743   10.675008   -0.251035   -0.006981   -0.116423
-0.081674   -0.072018   -0.251035   0.051735   -0.009688   0.01204
0.04507   0.012997   -0.006981   -0.009688   0.024188   0.000683
-0.045421   -0.174404   -0.116423   0.01204   0.000683   0.070839
-0.295811   0.103807   3.474739   0.65009   -1.159064   42.382593
GGAA 0.123
6.389078   -0.336386   0.399269   -0.017732   -0.172111   0.117524
-0.336386   7.319489   1.664298   -0.089515   0.038326   -0.034895
0.399269   1.664298   10.079494   -0.341198   -0.02059   -0.264935
-0.017732   -0.089515   -0.341198   0.045859   -0.007566   -0.001625
-0.172111   0.038326   -0.02059   -0.007566   0.044934   0.000642
0.117524   -0.034895   -0.264935   -0.001625   0.000642   0.035475
0.29465   -0.810707   3.422743   1.339488   0.029252   34.476282
GGAA 0.268
3.848351   -0.3921   1.180805   -0.042069   0.007799   -0.108698
-0.3921   4.594715   1.48274   -0.025939   -0.063251   -0.075495
1.180805   1.48274   11.827423   -0.286443   -0.030449   -0.079715
-0.042069   -0.025939   -0.286443   0.0539   -0.006578   0.007127
0.007799   -0.063251   -0.030449   -0.006578   0.029139   0.004932
-0.108698   -0.075495   -0.079715   0.007127   0.004932   0.053068
-1.059617   0.295702   3.277005   -3.769321   2.805084   37.196675
AATA 0.125
5.840501   -0.232935   0.073284   -0.119801   0.009133   -0.006998
-0.232935   6.212847   2.648798   -0.011075   -0.03094   -0.091317
0.073284   2.648798   10.842516   0.016895   -0.034427   -0.145776
-0.119801   -0.011075   0.016895   0.044234   -0.001712   0.003787
0.009133   -0.03094   -0.034427   -0.001712   0.040942   0.007421
-0.006998   -0.091317   -0.145776   0.003787   0.007421   0.052398
-0.63192   -0.721764   3.238586   1.777122   1.625021   31.177522
AATA 0.549
4.703581   0.924239   0.033926   -0.047699   -0.028052   0.062395
0.924239   8.555325   2.128806   -0.037956   0.032217   -0.033156
0.033926   2.128806   12.160417   -0.025524   0.018587   -0.156916
-0.047699   -0.037956   -0.025524   0.053   0.000928   0.00066
-0.028052   0.032217   0.018587   0.000928   0.047148   0.003012
0.062395   -0.033156   -0.156916   0.00066   0.003012   0.057671
0.174218   -0.864215   3.297862   0.434346   -2.570547   32.264362
AATA 0.146
2.486456   0.972351   -0.193635   -0.019854   0.062829   0.020859
0.972351   4.469551   2.16733   -0.044508   0.159145   -0.191816
-0.193635   2.16733   10.365124   -0.008884   -0.000203   -0.103892
-0.019854   -0.044508   -0.008884   0.040894   0.000807   0.001678
0.062829   0.159145   -0.000203   0.000807   0.044579   0.00292
0.020859   -0.191816   -0.103892   0.001678   0.00292   0.051312
-0.135034   -1.270178   3.487677   0.385196   -5.673687   31.836561
AATA 0.18
3.156347   1.143054   -0.485884   -0.01364   0.051189   0.017806
1.143054   5.970417   1.8195   -0.049766   0.037654   -0.089155
-0.485884   1.8195   10.691414   -0.016614   0.076105   -0.135715
-0.01364   -0.049766   -0.016614   0.039542   0.001834   0.00049
0.051189   0.037654   0.076105   0.001834   0.017868   0.010931
0.017806   -0.089155   -0.135715   0.00049   0.010931   0.040822
1.037884   -0.532846   3.20544   -0.034115   -2.154681   32.294725
ATAA 0.559
2.727171   -0.017592   0.441549   -0.035175   0.008886   0.111363
-0.017592   3.821139   0.969569   -0.016846   -0.007882   -0.16151
0.441549   0.969569   8.607949   -0.072175   -0.09655   -0.198815
-0.035175   -0.016846   -0.072175   0.031124   -0.001465   -0.004694
0.008886   -0.007882   -0.09655   -0.001465   0.019455   0.009853
0.111363   -0.16151   -0.198815   -0.004694   0.009853   0.052274
1.538037   0.470244   3.24267   5.148097   3.160428   38.043129
ATAA 0.13
1.977294   0.242073   -0.188063   -0.057011   0.036751   -0.137773
0.242073   2.760792   1.211353   0.002537   -0.00017   -0.073082
-0.188063   1.211353   7.611536   0.021011   -0.067646   -0.250962
-0.057011   0.002537   0.021011   0.025989   -0.000249   0.001508
0.036751   -0.00017   -0.067646   -0.000249   0.017743   0.005308
-0.137773   -0.073082   -0.250962   0.001508   0.005308   0.040762
-1.092431   0.185193   3.3833   -1.001506   2.111975   39.362803
ATAA 0.31
1.750024   -0.232549   -0.019563   0.032521   0.00544   -0.018611
-0.232549   2.750221   1.064448   -0.004842   -0.042116   -0.032801
-0.019563   1.064448   6.828048   -0.014016   -0.101708   -0.196613
0.032521   -0.004842   -0.014016   0.027471   0.000918   -0.000729
0.00544   -0.042116   -0.101708   0.000918   0.019209   0.008607
-0.018611   -0.032801   -0.196613   -0.000729   0.008607   0.023916
0.051576   -0.644154   3.325669   1.444235   12.533016   29.478852
TAAG 0.197
5.256826   -0.013603   0.793165   -0.025216   -0.110954   -0.02456
-0.013603   6.219299   1.195549   -0.072213   -0.052141   0.062088
0.793165   1.195549   11.344536   -0.251757   -0.05679   -0.214488
-0.025216   -0.072213   -0.251757   0.05068   0.002638   0.007821
-0.110954   -0.052141   -0.05679   0.002638   0.031922   0.002174
-0.02456   0.062088   -0.214488   0.007821   0.002174   0.068999
-1.278721   0.306539   3.242793   -4.182033   2.686902   36.357179
TAAG 0.264
5.376429   0.639304   0.689661   -0.004372   -0.057127   -0.023695
0.639304   4.548374   0.833739   -0.021415   -0.034601   -0.102033
0.689661   0.833739   11.976747   -0.324831   0.036638   -0.18967
-0.004372   -0.021415   -0.324831   0.055365   -0.002536   0.007704
-0.057127   -0.034601   0.036638   -0.002536   0.033387   0.000656
-0.023695   -0.102033   -0.18967   0.007704   0.000656   0.057189
-0.64815   0.070526   3.27654   -3.986352   -2.53016   38.222849
TAAG 0.361
4.300185   0.057727   -0.029095   0.003408   0.015139   0.061382
0.057727   5.698958   0.804683   0.033932   -0.003358   -0.174645
-0.029095   0.804683   10.471861   -0.311101   -0.003244   -0.099756
0.003408   0.033932   -0.311101   0.049497   0.000541   -0.00146
0.015139   -0.003358   -0.003244   0.000541   0.039235   0.006252
0.061382   -0.174645   -0.099756   -0.00146   0.006252   0.036577
0.201696   -0.949667   3.202495   -2.637276   -2.547877   27.126109
TAAG 0.178
1.658749   -0.23281   -0.094909   0.006269   0.026736   -0.008857
-0.23281   3.976208   1.068022   -0.044304   -0.099663   -0.014532
-0.094909   1.068022   10.36828   -0.249886   -0.021178   -0.096353
0.006269   -0.044304   -0.249886   0.047418   0.000387   0.002081
0.026736   -0.099663   -0.021178   0.000387   0.024628   0.007113
-0.008857   -0.014532   -0.096353   0.002081   0.007113   0.033723
0.108856   -0.250692   3.194013   -2.452692   3.076216   30.716419
AAGT 0.158
4.498924   0.663878   0.866136   -0.063402   0.043843   -0.095738
0.663878   5.043797   1.216757   0.023599   0.00355   -0.028059
0.866136   1.216757   8.76161   -0.110081   -0.075493   -0.196805
-0.063402   0.023599   -0.110081   0.043127   0.004854   0.00415
0.043843   0.00355   -0.075493   0.004854   0.019877   0.006498
-0.095738   -0.028059   -0.196805   0.00415   0.006498   0.069326
-1.017056   -0.423968   3.506496   -4.507211   3.415371   40.402442
AAGT 0.842
3.321274   -0.427535   0.249352   -0.022681   0.036992   0.075763
-0.427535   4.002142   1.48692   0.013177   -0.075273   -0.19319
0.249352   1.48692   7.706181   -0.163052   -0.0504   -0.084826
-0.022681   0.013177   -0.163052   0.042739   0.00393   -0.003057
0.036992   -0.075273   -0.0504   0.00393   0.027149   0.006076
0.075763   -0.19319   -0.084826   -0.003057   0.006076   0.051549
-0.114931   -1.106382   3.532128   -0.680953   1.659354   36.103926
AGTA 0.314
4.807313   -0.26136   -0.028182   -0.006774   0.058929   0.003201
-0.26136   10.197434   1.121848   0.00265   0.233967   -0.099902
-0.028182   1.121848   12.279745   -0.022058   0.06405   -0.188284
-0.006774   0.00265   -0.022058   0.050237   -0.001994   -0.005033
0.058929   0.233967   0.06405   -0.001994   0.051998   -0.002839
0.003201   -0.099902   -0.188284   -0.005033   -0.002839   0.062282
0.823478   -0.531917   3.439066   2.227823   -4.947694   35.733824
AGTA 0.298
3.129815   0.922956   -0.265907   -0.013159   0.0198   -0.031731
0.922956   4.791786   3.660997   0.040682   -0.022462   -0.113758
-0.265907   3.660997   11.673552   -0.031523   0.078176   -0.223758
-0.013159   0.040682   -0.031523   0.049319   -0.00632   -0.005067
0.0198   -0.022462   0.078176   -0.00632   0.035689   0.0047
-0.031731   -0.113758   -0.223758   -0.005067   0.0047   0.041691
-0.396334   -0.936132   3.408584   1.450912   -0.638291   32.076891
AGTA 0.128
1.828032   0.143004   -0.389171   -0.03736   0.001885   0.010454
0.143004   4.58125   2.5517   0.007574   0.049608   -0.109562
-0.389171   2.5517   10.206786   -0.035235   0.129221   -0.198051
-0.03736   0.007574   -0.035235   0.04257   -0.005507   -0.005985
0.001885   0.049608   0.129221   -0.005507   0.01451   0.008525
0.010454   -0.109562   -0.198051   -0.005985   0.008525   0.039128
0.523302   -0.434126   3.337733   2.219149   -0.752144   33.838582
AGTA 0.26
4.67775   2.27434   -0.430076   -0.042405   -0.165492   0.130761
2.27434   9.833336   0.636136   0.023694   0.171177   -0.028676
-0.430076   0.636136   11.995095   -0.032153   -0.021151   -0.199182
-0.042405   0.023694   -0.032153   0.047956   -0.004295   -0.000391
-0.165492   0.171177   -0.021151   -0.004295   0.050027   0.001673
0.130761   -0.028676   -0.199182   -0.000391   0.001673   0.059127
0.945397   -0.166657   3.263443   3.074632   -0.488862   35.507239
GTAC 0.365
2.607014   0.406732   -0.513254   -0.061928   0.021223   -0.106624
0.406732   4.814011   0.501989   0.021022   0.009566   -0.159893
-0.513254   0.501989   8.910563   0.079759   -0.076082   -0.200592
-0.061928   0.021022   0.079759   0.031607   -0.000512   0.00588
0.021223   0.009566   -0.076082   -0.000512   0.019921   0.007346
-0.106624   -0.159893   -0.200592   0.00588   0.007346   0.056077
-1.642275   0.326003   3.154172   -2.883784   2.405601   36.043283
GTAC 0.227
2.155539   -0.459361   0.425655   -0.063019   -0.030902   0.13956
-0.459361   3.91403   0.854643   -0.009305   0.004339   -0.132467
0.425655   0.854643   8.593375   -0.053335   -0.084586   -0.231163
-0.063019   -0.009305   -0.053335   0.02982   0.000564   -0.002712
-0.030902   0.004339   -0.084586   0.000564   0.019555   0.007156
0.13956   -0.132467   -0.231163   -0.002712   0.007156   0.046779
1.389676   0.300513   3.213244   2.79547   1.67359   37.447821
GTAC 0.408
1.664304   0.087883   -0.082986   0.054175   0.003927   0.009671
0.087883   3.89813   0.87325   0.001664   -0.04143   -0.047096
-0.082986   0.87325   8.36674   0.009953   -0.157362   -0.230614
0.054175   0.001664   0.009953   0.030299   -0.00021   0.000183
0.003927   -0.04143   -0.157362   -0.00021   0.023986   0.012501
0.009671   -0.047096   -0.230614   0.000183   0.012501   0.031432
-0.059278   -0.609615   3.1044   0.573068   11.454318   26.135047
TACC 0.563
2.579349   0.432109   0.296128   -0.04515   0.016883   -0.028297
0.432109   5.321071   2.382638   0.024945   0.031448   -0.080459
0.296128   2.382638   10.918049   0.065105   0.098167   -0.165223
-0.04515   0.024945   0.065105   0.043741   0.005106   0.004649
0.016883   0.031448   0.098167   0.005106   0.021965   0.009158
-0.028297   -0.080459   -0.165223   0.004649   0.009158   0.049926
-0.822727   -0.356299   3.323435   -2.070509   -2.387898   35.136222
TACC 0.437
2.452848   -0.759967   0.342056   -0.000711   -0.009649   -0.045226
-0.759967   4.121216   3.14777   -0.025775   -0.080872   -0.090484
0.342056   3.14777   10.220144   0.073899   0.027702   -0.216319
-0.000711   -0.025775   0.073899   0.044044   0.006499   0.003159
-0.009649   -0.080872   0.027702   0.006499   0.026668   0.007625
-0.045226   -0.090484   -0.216319   0.003159   0.007625   0.030716
0.484756   -0.751311   3.303614   -0.776897   1.319192   30.916573
ACCA 0.525
2.762333   0.22913   -0.380402   -0.083326   -0.039514   0.101355
0.22913   3.378032   1.068733   -0.034206   -0.015734   -0.032236
-0.380402   1.068733   11.660408   0.34508   -0.022283   -0.172775
-0.083326   -0.034206   0.34508   0.058144   0.00176   0.001585
-0.039514   -0.015734   -0.022283   0.00176   0.020883   0.009126
0.101355   -0.032236   -0.172775   0.001585   0.009126   0.046638
0.989084   0.205455   3.376991   3.746382   3.49893   38.141354
ACCA 0.475
1.532108   0.378423   -0.728629   -0.071347   -0.036471   -0.085266
0.378423   2.567552   1.455936   0.025897   -0.006874   -0.148959
